10 0.359473 0.598660 0.640690 0.217204
11 0.374036 0.531413 0.602318 0.037174
12 0.217669 0.564660 0.284974 0.030417
13 0.517298 0.565220 0.296393 0.033250
14 0.219186 0.597844 0.291055 0.031105
15 0.383477 0.603064 0.026771 0.016801
16 0.485749 0.602910 0.025456 0.016801
17 0.577891 0.603906 0.026562 0.016801
18 0.154401 0.631999 0.166979 0.029605
19 0.298965 0.632482 0.120299 0.029912
20 0.582682 0.634151 0.164583 0.033016
21 0.217930 0.670560 0.289401 0.029451
22 0.517773 0.670706 0.291797 0.029305
23 0.543418 0.693906 0.022617 0.015161
24 0.362428 0.755201 0.633320 0.102408
25 0.225013 0.748917 0.306224 0.031742
26 0.423893 0.749359 0.103255 0.029100
27 0.566914 0.748858 0.195599 0.029546
27 0.104290 0.783184 0.066159 0.030996
29 0.185742 0.784151 0.105339 0.030966
30 0.447135 0.783657 0.429427 0.030051
31 0.360417 0.878982 0.628099 0.159195
32 0.225326 0.904865 0.308984 0.030827
33 0.422858 0.904403 0.104805 0.030388
34 0.562865 0.903788 0.184167 0.031955
35 0.104141 0.939187 0.066458 0.032460
36 0.183620 0.939283 0.105417 0.031391
37 0.447813 0.939788 0.430521 0.030644
38 0.542493 0.846556 0.025612 0.019466
38 0.606641 0.845816 0.025625 0.016420
38 0.545352 0.867936 0.025625 0.015124
38 0.605801 0.866332 0.025612 0.015124
6 0.545267 0.442566 0.025456 0.015556
7 0.606875 0.443810 0.026562 0.015556
4 0.545267 0.423898 0.025456 0.016801
5 0.607982 0.425040 0.026562 0.015556
8 0.220241 0.470985 0.292201 0.030490
9 0.517728 0.470329 0.298945 0.033660
1 0.368665 0.328239 0.594805 0.033331
2 0.367715 0.364799 0.596706 0.031179
3 0.366758 0.397057 0.598620 0.033338
