10 0.359473 0.598660 0.640690 0.217204
11 0.365085 0.533067 0.596549 0.032357
12 0.209909 0.566358 0.295521 0.030490
13 0.512396 0.563993 0.301042 0.029246
14 0.213678 0.599026 0.291081 0.029868
15 0.381016 0.604191 0.026771 0.016801
16 0.483288 0.604813 0.025456 0.016801
17 0.576810 0.602698 0.026562 0.016801
18 0.147715 0.633375 0.167122 0.032357
19 0.295911 0.633686 0.126172 0.034224
20 0.584590 0.632280 0.170664 0.030183
21 0.214154 0.670728 0.296615 0.030490
22 0.518151 0.671248 0.299948 0.032980
23 0.540658 0.694067 0.023242 0.016186
24 0.362428 0.755201 0.633320 0.102408
25 0.221445 0.749301 0.300339 0.035059
26 0.420951 0.748792 0.099687 0.032460
27 0.565163 0.749081 0.191029 0.032892
27 0.106465 0.784524 0.069622 0.031684
29 0.188574 0.784480 0.099076 0.033089
30 0.452539 0.784429 0.429297 0.031816
31 0.360417 0.878982 0.628099 0.159195
32 0.223047 0.907072 0.302344 0.033441
33 0.423203 0.906922 0.099766 0.032423
34 0.566497 0.905604 0.195651 0.030403
35 0.104297 0.939623 0.063281 0.032906
36 0.184115 0.938616 0.098698 0.031113
37 0.447878 0.939070 0.435599 0.030644
38 0.542467 0.846061 0.025612 0.015124
38 0.606055 0.846413 0.025625 0.015124
38 0.542988 0.866816 0.025612 0.015124
38 0.605716 0.867562 0.025625 0.015124
6 0.539121 0.442566 0.025456 0.015556
7 0.601341 0.443810 0.026562 0.015556
4 0.539121 0.423898 0.025456 0.016801
5 0.602448 0.424696 0.026562 0.015556
8 0.209785 0.470289 0.292201 0.030490
9 0.510345 0.470677 0.298945 0.033668
1 0.368665 0.328239 0.594805 0.033331
2 0.367715 0.364799 0.596706 0.031179
3 0.366758 0.397057 0.598620 0.033338
