10 0.359473 0.598660 0.640690 0.217204
11 0.358496 0.529246 0.603633 0.034905
12 0.204694 0.564026 0.293737 0.032416
13 0.509753 0.565132 0.296380 0.031523
14 0.203991 0.598261 0.292018 0.030344
15 0.373945 0.602983 0.026771 0.016801
16 0.475293 0.602566 0.025456 0.016801
17 0.569740 0.602010 0.026562 0.016801
18 0.140339 0.631647 0.167760 0.030981
19 0.286380 0.632302 0.127396 0.031808
20 0.574538 0.633148 0.170195 0.032240
21 0.204160 0.669608 0.293242 0.028939
22 0.510033 0.669169 0.294779 0.029861
23 0.533737 0.692430 0.022943 0.015666
24 0.362428 0.755201 0.633320 0.102408
25 0.210521 0.749861 0.307083 0.032738
26 0.411940 0.749290 0.101641 0.030776
27 0.558171 0.749400 0.196419 0.031215
27 0.089733 0.783752 0.068529 0.030051
29 0.169212 0.783133 0.105091 0.030966
30 0.436595 0.782533 0.435143 0.030073
31 0.360417 0.878982 0.628099 0.159195
32 0.208145 0.905644 0.312409 0.031479
33 0.413698 0.904257 0.104375 0.031413
34 0.553652 0.904151 0.193997 0.029868
35 0.086667 0.940476 0.068125 0.031157
36 0.169935 0.940029 0.104193 0.030600
37 0.436315 0.939645 0.434609 0.030652
38 0.534219 0.845007 0.025625 0.015124
38 0.599238 0.846223 0.025612 0.015124
38 0.533796 0.867482 0.025612 0.015124
38 0.598073 0.866515 0.025625 0.015124
6 0.542194 0.442566 0.025456 0.015556
7 0.604108 0.443810 0.026576 0.015556
4 0.542194 0.423898 0.025456 0.016801
5 0.605208 0.424865 0.026562 0.015556
8 0.215013 0.470641 0.292187 0.030490
9 0.514030 0.470501 0.298945 0.033668
1 0.368665 0.328239 0.594805 0.033331
2 0.367715 0.364799 0.596706 0.031179
3 0.366758 0.397057 0.598620 0.033338
