0 0.364668 0.379810 0.626810 0.222928
1 0.358757 0.329539 0.598372 0.030234
2 0.357363 0.361215 0.598372 0.030234
2 0.356289 0.395007 0.598359 0.030234
10 0.359473 0.598660 0.640690 0.217204
11 0.357116 0.530827 0.596549 0.032357
12 0.203275 0.564118 0.295508 0.030490
13 0.507083 0.564740 0.301042 0.029246
14 0.204382 0.596786 0.291081 0.029868
15 0.373717 0.602698 0.025456 0.016801
16 0.476647 0.603320 0.025456 0.016801
17 0.570169 0.602698 0.026562 0.016801
18 0.142402 0.630388 0.167122 0.032357
19 0.287943 0.630699 0.126172 0.034224
20 0.575703 0.632566 0.163802 0.031735
21 0.204935 0.668657 0.296615 0.030490
22 0.509850 0.668657 0.299935 0.032980
23 0.534199 0.691991 0.023242 0.016179
24 0.362428 0.755201 0.633320 0.102408
25 0.211400 0.747859 0.314362 0.033272
26 0.413112 0.747423 0.106146 0.034143
27 0.560684 0.747207 0.196836 0.034575
27 0.088802 0.780915 0.067630 0.031977
29 0.171771 0.780699 0.104609 0.032408
30 0.436940 0.781347 0.441250 0.032840
31 0.360417 0.878982 0.628099 0.159195
32 0.209147 0.903869 0.312669 0.030593
33 0.411999 0.903459 0.105143 0.030637
34 0.555573 0.903609 0.190547 0.030937
35 0.086283 0.938745 0.067904 0.030286
36 0.168874 0.937665 0.105117 0.029561
37 0.434043 0.938206 0.435612 0.030644
38 0.534635 0.845498 0.025625 0.015124
38 0.598672 0.845842 0.025625 0.015124
38 0.534616 0.867094 0.025612 0.015124
38 0.601230 0.867452 0.025612 0.015124
6 0.536035 0.442566 0.025456 0.015556
7 0.598581 0.443810 0.026563 0.015556
4 0.536035 0.423898 0.025456 0.016801
5 0.599688 0.424520 0.026562 0.015556
8 0.204557 0.469945 0.292187 0.030490
9 0.506660 0.470849 0.298945 0.033660
