10 0.359473 0.598660 0.640690 0.217204
11 0.370189 0.498305 0.451810 0.024034
12 0.253711 0.527452 0.226432 0.025329
13 0.482409 0.526925 0.226328 0.026676
14 0.253796 0.555450 0.221914 0.026728
15 0.381940 0.558561 0.026771 0.016801
16 0.459303 0.557624 0.025456 0.016801
17 0.530690 0.557068 0.026562 0.016801
18 0.207233 0.584641 0.121992 0.028228
19 0.535716 0.581318 0.129870 0.026969
20 0.317871 0.581234 0.088997 0.025527
21 0.254753 0.614469 0.217318 0.025820
22 0.484023 0.613671 0.231693 0.023609
23 0.503301 0.633155 0.022305 0.014656
24 0.362428 0.755201 0.633320 0.102408
25 0.262559 0.680970 0.228529 0.028104
26 0.411270 0.680286 0.080326 0.027423
27 0.523366 0.680037 0.151706 0.027862
27 0.165827 0.710908 0.050117 0.026794
29 0.226204 0.710436 0.082487 0.026713
30 0.432331 0.708737 0.336120 0.026596
31 0.360417 0.878982 0.628099 0.159195
32 0.257930 0.814627 0.238047 0.027555
33 0.411979 0.814671 0.083594 0.029370
34 0.524434 0.814378 0.146706 0.028785
35 0.163164 0.844956 0.052578 0.027657
36 0.225755 0.845622 0.080521 0.029561
37 0.431706 0.844865 0.340234 0.030652
38 0.506198 0.762526 0.025625 0.015124
38 0.555625 0.762877 0.025625 0.015124
38 0.506185 0.781962 0.025625 0.015124
38 0.555117 0.781457 0.025625 0.015124
6 0.502220 0.423979 0.022383 0.012950
7 0.550749 0.423298 0.020378 0.012555
4 0.503737 0.409634 0.020807 0.013338
5 0.549570 0.407961 0.021953 0.014239
8 0.253652 0.450015 0.219206 0.024890
9 0.480801 0.448313 0.223555 0.025922
1 0.368665 0.328239 0.594805 0.033331
2 0.367715 0.364799 0.596706 0.031179
3 0.366758 0.397057 0.598620 0.033338
