10 0.359473 0.598660 0.640690 0.217204
11 0.365566 0.528126 0.564128 0.031772
12 0.221862 0.560128 0.277109 0.032599
13 0.506875 0.559348 0.280781 0.032401
14 0.221504 0.593832 0.282773 0.030857
15 0.385625 0.601080 0.026771 0.016801
16 0.486048 0.601702 0.025456 0.016801
17 0.576810 0.600626 0.026562 0.016801
18 0.164805 0.631314 0.162578 0.033419
19 0.581855 0.631083 0.163112 0.032123
20 0.301738 0.631288 0.117617 0.033324
21 0.224316 0.668144 0.276367 0.028426
22 0.517207 0.668887 0.283294 0.028258
23 0.541113 0.691230 0.022305 0.014656
24 0.362428 0.755201 0.633320 0.102408
25 0.230430 0.750351 0.299297 0.033704
26 0.426764 0.749374 0.102461 0.032438
27 0.573203 0.749103 0.204896 0.032833
27 0.116022 0.782156 0.065612 0.033638
29 0.194108 0.782947 0.102409 0.032350
30 0.454466 0.782786 0.437943 0.032818
31 0.360417 0.878982 0.628099 0.159195
32 0.227025 0.903825 0.301680 0.029612
33 0.426263 0.904392 0.102943 0.031479
34 0.565033 0.906925 0.192852 0.034466
35 0.112897 0.938825 0.066393 0.034941
36 0.193001 0.939744 0.105404 0.037350
37 0.445534 0.941314 0.425078 0.034795
38 0.541243 0.844978 0.025612 0.015124
38 0.604512 0.844810 0.025612 0.015124
38 0.543073 0.867006 0.025625 0.015124
38 0.603073 0.867020 0.025625 0.015124
6 0.544141 0.440183 0.024740 0.015974
7 0.605723 0.440157 0.025794 0.016025
4 0.543301 0.421962 0.024596 0.015520
5 0.606094 0.422020 0.027396 0.016428
8 0.228014 0.468477 0.282201 0.031025
9 0.514629 0.468847 0.285065 0.031559
1 0.368665 0.328239 0.594805 0.033331
2 0.367715 0.364799 0.596706 0.031179
3 0.366758 0.397057 0.598620 0.033338
