#--- sentences.txt -----------------------------------------------------------#
#
# iam database sentence information
#
# format: a01-000u-s0-00 0 ok 154 19 408 746 1663 91 A|MOVE|to|stop|Mr.|Gaitskell|from
#
#     a01-000u-s0-00  -> sentence/line id for form a01-000u
#     0               -> sentence number within this form
#     ok              -> result of word segmentation
#                            ok: line is correctly segmented
#                            er: segmentation of line has one or more errors
#
#                        warning: if a sentence starts or ends in the middle of
#                                 a line which is not correctly segmeted, a
#                                 correct extraction of the sentence can fail.
#
#     154             -> graylevel to binarize line
#     19              -> number of components for this part of the sentence
#     408 746 1663 91 -> bounding box around for this part of the sentence
#                        in the x,y,w,h format
#
#     A|MOVE|to|stop|Mr.|Gaitskell|from
#                     -> transcription for this part of the sentence. word
#                        tokens are separated by the character |
#z01-001 file , image z01-001-01,02,03,04.....
z01-001-01 0 ok 182 19 0 0 292 18 1|1|1|1|2|0|0|4
z01-001-02 0 ok 182 19 0 0 292 18 0|1|2|1|2|0|0|1
z01-001-03 0 ok 182 19 0 0 292 18 2|1|1|2|2|0|0|3
z01-001-04 0 ok 182 19 0 0 292 18 1|1|0|1|0|1|9|2
z01-001-05 0 ok 182 19 0 0 292 18 1|1|1|1|1|9|9|9
z01-001-06 0 ok 182 19 0 0 292 18 2|1|1|1|2|1|0|1
z01-001-07 0 ok 182 19 0 0 292 18 2|1|1|1|1|0|9|2
z01-001-08 0 ok 182 19 0 0 292 18 2|1|0|1|2|0|0|9
z01-001-09 0 ok 182 19 0 0 292 18 1|1|1|1|1|1|1|1
z01-001-10 0 ok 182 19 0 0 292 28 0|1|1|1|2|0|0|8
z01-002-01 0 ok 182 19 0 0 292 18 2|5|0|3|1|9|9|9
z01-002-02 0 ok 182 19 0 0 292 18 0|3|0|3|1|9|9|8
z01-002-03 0 ok 182 19 0 0 292 18 0|3|0|3|1|9|9|8
z01-002-04 0 ok 182 19 0 0 292 18 3|1|0|5|2|0|0|2
z01-002-05 0 ok 182 19 0 0 292 18 0|3|0|3|1|9|9|8
z01-002-06 0 ok 182 19 0 0 292 18 1|1|1|1|1|9|8|7
z01-002-07 0 ok 182 19 0 0 292 18 0|3|0|3|1|9|9|8
z01-002-08 0 ok 182 19 0 0 292 18 1|1|1|1|2|0|0|4
z01-002-09 0 ok 182 19 0 0 292 18 0|7|1|2|1|9|9|5
z01-002-10 0 ok 182 19 0 0 292 18 0|3|1|0|1|9|8|5
z01-003-01 0 ok 182 19 0 0 292 18 0|3|0|3|1|9|9|8
z01-003-02 0 ok 182 19 0 0 292 18 0|5|0|9|2|0|0|1
z01-003-03 0 ok 182 19 0 0 292 18 0|3|0|3|1|9|9|8
z01-003-04 0 ok 182 19 0 0 292 18 0|5|0|6|1|9|9|6
z01-003-05 0 ok 182 19 0 0 292 18 0|3|0|3|1|9|9|8
z01-003-06 0 ok 182 19 0 0 292 18 0|1|0|8|1|9|8|7
z01-003-07 0 ok 182 19 0 0 292 18 0|3|0|3|1|9|9|8
z01-003-08 0 ok 182 19 0 0 292 18 2|3|0|2|2|0|0|0
z01-003-09 0 ok 182 19 0 0 292 18 0|3|0|3|1|9|9|8
z01-003-10 0 ok 182 19 0 0 292 18 0|8|0|7|2|0|0|0
z01-004-01 0 ok 182 19 0 0 242 18 2|1|7|7|7|8|2|1|0|3|4|1|9|8|2
z01-004-02 0 ok 182 19 0 0 242 18 2|0|1|0|2|2|7|6|7|3|4|9|1|1|0
z01-004-03 0 ok 182 19 0 0 242 18 2|3|4|9|0|2|3|9|9|8|7|6|5|4|3
z01-004-04 0 ok 182 19 0 0 242 18 1|0|2|1|9|3|4|2|4|9|8|2|1|0|9
z01-004-05 0 ok 182 19 0 0 242 18 1|2|4|9|0|8|7|2|3|4|1|0|2|3|4
z01-004-06 0 ok 182 19 0 0 242 18 1|2|3|4|5|6|7|8|9|1|2|0|3|2|1
z01-004-07 0 ok 182 19 0 0 242 18 2|1|0|1|0|1|1|1|1|0|0|0|1|1|1
z01-004-08 0 ok 182 19 0 0 242 18 2|2|2|1|0|1|2|6|3|4|9|3|1|0|0
z01-004-09 0 ok 182 19 0 0 242 18 1|2|3|4|9|8|7|6|0|1|2|4|5|7|8
z01-004-10 0 ok 182 19 0 0 242 18 2|0|1|0|2|2|7|6|7|3|4|9|1|1|0
z01-005-01 0 ok 182 19 0 0 242 18 1|0|1|0|1|9|9|0
z01-005-02 0 ok 182 19 0 0 242 18 0|1|0|1|1|9|3|5
z01-005-03 0 ok 182 19 0 0 242 18 1|2|3|4|5|6|7|8|9|1|0
z01-005-04 0 ok 182 19 0 0 242 18 2|8|9|1|2|9
z01-005-05 0 ok 182 19 0 0 242 18 4|5|6|8|7|9|6|7|8|9|1|0|1|1|2
z01-005-06 0 ok 182 19 0 0 242 18 0|1|0|4|1|9|9|0
z01-005-07 0 ok 182 19 0 0 242 18 1|5|0|5|1|9|9|5
z01-005-08 0 ok 182 19 0 0 242 18 6|7|8|9|0
z01-005-09 0 ok 182 19 0 0 242 18 3|3
z01-005-10 0 ok 182 19 0 0 242 18 1|2|3|4|5
z01-006-01 0 ok 182 19 0 0 242 18 1|2|3|4|5|6|7|8|9|0|0|1|0|0|1
z01-006-02 0 ok 182 19 0 0 242 18 2|4|0|2|5
z01-006-03 0 ok 182 19 0 0 242 18 1|4|0|5|1|2|8|4
z01-006-04 0 ok 182 19 0 0 242 18 1
z01-006-05 0 ok 182 19 0 0 242 18 1|2|1|3|1|4|7|5|2|7|4|1|3|9|7
z01-006-06 0 ok 182 19 0 0 242 18 3|0|0|1|1|9|3|0
z01-006-07 0 ok 182 19 0 0 242 18 2|1|0|8|1|9|7|3
z01-006-08 0 ok 182 19 0 0 242 18 1|4|0|4|3
z01-006-09 0 ok 182 19 0 0 242 18 2|8|1|0|1|0|5|5
z01-006-10 0 ok 182 19 0 0 242 18 2|4|0|3|1|9|5|6
z01-007-01 0 ok 182 19 0 0 242 18 2|4|0|3|1|9|5|6
z01-007-02 0 ok 182 19 0 0 242 18 2|6|0|3|1|9|7|3
z01-007-03 0 ok 182 19 0 0 242 18 1|2|4|0|4|3
z01-007-04 0 ok 182 19 0 0 242 18 7
z01-007-05 0 ok 182 19 0 0 242 18 1|7|0|7|1|9|4|4
z01-007-06 0 ok 182 19 0 0 242 18 2|3|0|0
z01-007-07 0 ok 182 19 0 0 242 18 2|5|2|7|1
z01-007-08 0 ok 182 19 0 0 242 18 8|0|5|3|5
z01-007-09 0 ok 182 19 0 0 242 18 1|2|0|1|1|3|6|4
z01-007-10 0 ok 182 19 0 0 242 18 7
z01-008-01 0 ok 182 19 0 0 242 18 0|5|0|3|1|9|4|9
z01-008-02 0 ok 182 19 0 0 242 18 1|0|5|0|2
z01-008-03 0 ok 182 19 0 0 242 18 2|5|0|6|1|9|7|1
z01-008-04 0 ok 182 19 0 0 242 18 1|2|5|2|6
z01-008-05 0 ok 182 19 0 0 242 18 2|7
z01-008-06 0 ok 182 19 0 0 242 18 1|2|3|4|5|6|7|8|9|1|0
z01-008-07 0 ok 182 19 0 0 242 18 0|1|0|1|1|9|3|5
z01-008-08 0 ok 182 19 0 0 242 18 4|2
z01-008-09 0 ok 182 19 0 0 242 18 1|1|3|4|5|6|7|8|9|8|7|6|7|9|4
z01-008-10 0 ok 182 19 0 0 242 18 7|8|9|1|2|9
z01-009-01 0 ok 182 19 0 0 242 18 1|2|3|4|3|2|1|8|7|6|5|4|3|2|1
z01-009-02 0 ok 182 19 0 0 242 18 7|8|9|1|2|3
z01-009-03 0 ok 182 19 0 0 242 18 1|0|1|0|1|9|9|0
z01-009-04 0 ok 182 19 0 0 242 18 5|6|4|8|6|4|5|3|2|1|1|2|3|4|8
z01-009-05 0 ok 182 19 0 0 242 18 4|5|6|8|7|9|6|7|8|9|1|0|1|1|2
z01-009-06 0 ok 182 19 0 0 242 18 0|1|0|4|1|9|9|0
z01-009-07 0 ok 182 19 0 0 242 18 4|5|6|8|1|2|3|4|5|6|7|8|1|2|3
z01-009-08 0 ok 182 19 0 0 242 18 1|5|0|5|1|9|9|5
z01-009-09 0 ok 182 19 0 0 242 18 6|7|8|9|0
z01-009-10 0 ok 182 19 0 0 242 18 3|3
z01-010-01 0 ok 182 19 0 0 242 18 4|6|4|6|4|6|5|8|7|4|3|2|1|4|8
z01-010-02 0 ok 182 19 0 0 242 18 1|2|3|4|5
z01-010-03 0 ok 182 19 0 0 242 18 0|2|0|3|1|9|9|2
z01-010-04 0 ok 182 19 0 0 242 18 5
z01-010-05 0 ok 182 19 0 0 242 18 4|5|6|7|8
z01-010-06 0 ok 182 19 0 0 242 18 9|8|7|6|3
z01-010-07 0 ok 182 19 0 0 242 18 2
z01-010-08 0 ok 182 19 0 0 242 18 8|7|6|5|4|3|2|1|2|4|6|8|9|1|0
z01-010-09 0 ok 182 19 0 0 242 18 6|5|4|3|2
z01-010-10 0 ok 182 19 0 0 242 18 0|8|0|8|1|9|8|8
z01-011-01 0 ok 182 19 0 0 242 18 6|5|4|3|2
z01-011-02 0 ok 182 19 0 0 242 18 0|8|0|8|1|9|8|8
z01-011-03 0 ok 182 19 0 0 242 18 1|2
z01-011-04 0 ok 182 19 0 0 242 18 1|2|3|2|1
z01-011-05 0 ok 182 19 0 0 242 18 1|0
z01-011-06 0 ok 182 19 0 0 242 18 3|2|1|2|3
z01-011-07 0 ok 182 19 0 0 242 18 2|0
z01-011-08 0 ok 182 19 0 0 242 18 7|2|3|4|6|2|8|4|6|4|3|2|1|8|9
z01-011-09 0 ok 182 19 0 0 242 18 8|7|6|5|4
z01-011-10 0 ok 182 19 0 0 242 18 7|2|3|4|6|2|8|4|6|4|3|2|1|8|9
z01-012-01 0 ok 182 19 0 0 242 18 1|6|0|7|1|9|9|4
z01-012-02 0 ok 182 19 0 0 242 18 5|5|6|7|8
z01-012-03 0 ok 182 19 0 0 242 18 2|2
z01-012-04 0 ok 182 19 0 0 242 18 5
z01-012-05 0 ok 182 19 0 0 242 18 8|7|6|5|5
z01-012-06 0 ok 182 19 0 0 242 18 1|2|3|4|5|6|7|8|6|7|8|9|1|0|5
z01-012-07 0 ok 182 19 0 0 242 18 3|2|1|9|8
z01-012-08 0 ok 182 19 0 0 242 18 0|9|0|9|1|9|8|9
z01-012-09 0 ok 182 19 0 0 242 18 4|5|6|4|3|2|1|2|3|2|1|2|3|4|6
z01-012-10 0 ok 182 19 0 0 242 18 5|6|7|8|9
z01-013-01 0 ok 182 19 0 0 242 18 1|4|0|2|1|9|3|1
z01-013-02 0 ok 182 19 0 0 242 18 5|6|7|8|1|2|3|5|6|4|3|9|7|6|8
z01-013-03 0 ok 182 19 0 0 242 18 6|5|4|3|2|1
z01-013-04 0 ok 182 19 0 0 242 18 2|1|0|6|1|9|9|3
z01-013-05 0 ok 182 19 0 0 242 18 0|5|0|8|2|0|0|9
z01-013-06 0 ok 182 19 0 0 242 18 2|8|2|1|9
z01-013-07 0 ok 182 19 0 0 242 18 2|8|2
z01-013-08 0 ok 182 19 0 0 242 18 2|8|2
z01-013-09 0 ok 182 19 0 0 242 18 0|1|0|1|2|0|0|0
z01-013-10 0 ok 182 19 0 0 242 18 5|7|3|1|2
z01-014-01 0 ok 182 19 0 0 242 18 3|1|0|5|7
z01-014-02 0 ok 182 19 0 0 242 18 3|1|0|6|1|9|8|3
z01-014-03 0 ok 182 19 0 0 242 18 7
z01-014-04 0 ok 182 19 0 0 242 18 5|5|5|3|3|3|6|7|8|9|5|5|0|0|0
z01-014-05 0 ok 182 19 0 0 242 18 0|1|0|3|2|0|0|4
z01-014-06 0 ok 182 19 0 0 242 18 0|1|0|5|2|0|1|8
z01-014-07 0 ok 182 19 0 0 242 18 1|2
z01-014-08 0 ok 182 19 0 0 242 18 5|3|7|1|0
z01-014-09 0 ok 182 19 0 0 242 18 1|2|1|2|2|0|0|3
z01-014-10 0 ok 182 19 0 0 242 18 3|3
z01-015-01 0 ok 182 19 0 0 242 18 2|5|3|1|9
z01-015-02 0 ok 182 19 0 0 242 18 1|0|1|0|1|9|5|5
z01-015-03 0 ok 182 19 0 0 242 18 2|9|5|3|1
z01-015-04 0 ok 182 19 0 0 242 18 5
z01-015-05 0 ok 182 19 0 0 242 18 0|1|0|1|2|0|0|1
z01-015-06 0 ok 182 19 0 0 242 18 2|9|3|1|7
z01-015-07 0 ok 182 19 0 0 242 18 3
z01-015-08 0 ok 182 19 0 0 242 18 1|2|1|2|2|0|0|3
z01-015-09 0 ok 182 19 0 0 242 18 5|7|3|1|0
z01-015-10 0 ok 182 19 0 0 242 18 5
z01-016-01 0 ok 182 19 0 0 242 18 0|3|0|3|2|0|0|5
z01-016-02 0 ok 182 19 0 0 242 18 3
z01-016-03 0 ok 182 19 0 0 242 18 1|0|1|3|5
z01-016-04 0 ok 182 19 0 0 242 18 2|9|0|5|2|0|0|0
z01-016-05 0 ok 182 19 0 0 242 18 7|9|0|8|5
z01-016-06 0 ok 182 19 0 0 242 18 2|9|0|5|2|0|0|0
z01-016-07 0 ok 182 19 0 0 242 18 3|0|1|1|1|9|9|9
z01-016-08 0 ok 182 19 0 0 242 18 5|1|3|5|0
z01-016-09 0 ok 182 19 0 0 242 18 5
z01-016-10 0 ok 182 19 0 0 242 18 1|2|3|9|5|6|7|8|9|1|0|1|1|1|2
z01-017-01 0 ok 182 19 0 0 242 18 1|9|0|2|2|0|0|1
z01-017-02 0 ok 182 19 0 0 242 18 2|8|2|0|3
z01-017-03 0 ok 182 19 0 0 242 18 1|2|3|4|5
z01-017-04 0 ok 182 19 0 0 242 18 0|2|0|2|1|9|8|0
z01-017-05 0 ok 182 19 0 0 242 18 6|7
z01-017-06 0 ok 182 19 0 0 242 18 0|0|0|1|2
z01-017-07 0 ok 182 19 0 0 242 18 0|5|0|6|1|9|9|9
z01-017-08 0 ok 182 19 0 0 242 18 1|2|3|4|5|6|7|8|9|0|1|2|3|4|5
z01-017-09 0 ok 182 19 0 0 242 18 1|2
z01-017-10 0 ok 182 19 0 0 242 18 2|8|7|5|7
z01-018-01 0 ok 182 19 0 0 242 18 3|0|1|0|1|9|9|9
z01-018-02 0 ok 182 19 0 0 242 18 1
z01-018-03 0 ok 182 19 0 0 242 18 2|2|3|0|5
z01-018-04 0 ok 182 19 0 0 242 18 0|0|1|1|2|3|4|1|1|9|2|5|3|0|0
z01-018-05 0 ok 182 19 0 0 242 18 0|5|1|2|1|9|8|0
z01-018-06 0 ok 182 19 0 0 242 18 1|2|3|3|3
z01-018-07 0 ok 182 19 0 0 242 18 3|5|6|0
z01-018-08 0 ok 182 19 0 0 242 18 0|0|0|5|2
z01-018-09 0 ok 182 19 0 0 242 18 5|0
z01-018-10 0 ok 182 19 0 0 242 18 1
z01-019-01 0 ok 182 19 0 0 242 18 5|2|1|9|1|7
z01-019-02 0 ok 182 19 0 0 242 18 1|5|2|0|9
z01-019-03 0 ok 182 19 0 0 242 18 7|7
z01-019-04 0 ok 182 19 0 0 242 18 1|1|1|1|2|0|1|1
z01-019-05 0 ok 182 19 0 0 242 18 3|3|6|5|0
z01-019-06 0 ok 182 19 0 0 242 18 5
z01-019-07 0 ok 182 19 0 0 242 18 1|2|0|3|2|0|0|5
z01-019-08 0 ok 182 19 0 0 242 18 5|1|2|3|4
z01-019-09 0 ok 182 19 0 0 242 18 5|4
z01-019-10 0 ok 182 19 0 0 242 18 1|9|8|7|6|0|2|3|4|1|0|2|3|6|3
z01-020-01 0 ok 182 19 0 0 242 18 1|0|1|0
z01-020-02 0 ok 182 19 0 0 242 18 2|8|1|5|0
z01-020-03 0 ok 182 19 0 0 242 18 1|9|9|0
z01-020-04 0 ok 182 19 0 0 242 18 1|1|1|9|9|1
z01-020-05 0 ok 182 19 0 0 242 18 1|6|7|0|5
z01-020-06 0 ok 182 19 0 0 242 18 1
z01-020-07 0 ok 182 19 0 0 242 18 1|0|1|0|1|9|9|0
z01-020-08 0 ok 182 19 0 0 242 18 5|5|2|1|2
z01-020-09 0 ok 182 19 0 0 242 18 |3|0|0|1
z01-020-10 0 ok 182 19 0 0 242 18 1|9|9|0
z01-021-01 0 ok 182 19 0 0 242 18 3|3|4|1
z01-021-02 0 ok 182 19 0 0 242 18 2|4|8
z01-021-03 0 ok 182 19 0 0 242 18 2|4|6|8|9
z01-021-04 0 ok 182 19 0 0 242 18 2|4
z01-021-05 0 ok 182 19 0 0 242 18 2|4|1
z01-021-06 0 ok 182 19 0 0 242 18 1|2|2|1|9|9|8
z01-021-07 0 ok 182 19 0 0 242 18 3
z01-021-08 0 ok 182 19 0 0 242 18 2|3|1|4|2|0|0|1
z01-021-09 0 ok 182 19 0 0 242 18 1|2|4|0|9|8|2|4|1|0|7|7|1|1|0
z01-021-10 0 ok 182 19 0 0 242 18 1|2|3|4|5|9|8|7|2|3|1|2|0|4|8
z01-022-01 0 ok 182 19 0 0 242 18 5|1|2|3|4
z01-022-02 0 ok 182 19 0 0 242 18 2|0|2|0|9
z01-022-03 0 ok 182 19 0 0 242 18 2|4|9
z01-022-04 0 ok 182 19 0 0 242 18 2|0|2|1|2|0|0|9
z01-022-05 0 ok 182 19 0 0 242 18 4
z01-022-06 0 ok 182 19 0 0 242 18 2|1|0|1|9|8|2|8
z01-022-07 0 ok 182 19 0 0 242 18 2|0|2|1|2|0|0|9
z01-022-08 0 ok 182 19 0 0 242 18 2|0|0|1|3|4|9|8|1|0|4|2|1|0|9
z01-022-09 0 ok 182 19 0 0 242 18 2|4|9|8|7|1|8|2|4|1|0|4|9|0|8
z01-022-10 0 ok 182 19 0 0 242 18 4|1|3|2|9
z01-023-01 0 ok 182 19 0 0 242 18 2|4|9|8
z01-023-02 0 ok 182 19 0 0 242 18 4|9|0|8
z01-023-03 0 ok 182 19 0 0 242 18 3|4|9|8|1|0
z01-023-04 0 ok 182 19 0 0 242 18 2|0|0|1
z01-023-05 0 ok 182 19 0 0 242 18 4|9|2
z01-023-06 0 ok 182 19 0 0 242 18 4|2|1|0|9
z01-023-07 0 ok 182 19 0 0 242 18 9|8|2|8
z01-023-08 0 ok 182 19 0 0 242 18 5|1|2|3|4
z01-023-09 0 ok 182 19 0 0 242 18 4|9|2
z01-023-10 0 ok 182 19 0 0 242 18 4|0|0|9|1
z01-024-01 0 ok 182 19 0 0 242 18 2|3|1|4|2
z01-024-02 0 ok 182 19 0 0 242 18 2|1|1|9|9
z01-024-03 0 ok 182 19 0 0 242 18 1|3|2|9
z01-024-04 0 ok 182 19 0 0 242 18 2|0|4|8
z01-024-05 0 ok 182 19 0 0 242 18 7|2|3|1|2
z01-024-06 0 ok 182 19 0 0 242 18 1|2|3|4|5
z01-024-07 0 ok 182 19 0 0 242 18 1|2|4|0|9
z01-024-08 0 ok 182 19 0 0 242 18 9|8|2|4|1|0|7
z01-024-09 0 ok 182 19 0 0 242 18 7|7|1|1|0
z01-024-10 0 ok 182 19 0 0 242 18 3|3|4